format_version: '1.0'
waypoints:
- angle_radians: 2.751397499167719e-06
  number: 1
  x: -6.277003952228143e-10
  y: -2.434449219353194e-16
